% --- PARÂMETROS DE CALIBRAÇÃO ÓTIMOS (GERADO AUTOMATICAMENTE) ---
% Data de geração: 24/07/2026 10:35:57
% Arquivo de origem: resultados_ROI_otsu05_2007.csv
% Erro Médio 3D Inicial: 0.0388 m (3.88 cm)
% Erro Médio 3D Ótimo:   0.0254 m (2.54 cm)
% Redução do Erro 3D:    34.56%

% Matriz Intrínseca da Câmera (K)
K = [
      904.761838,     0.000000,   655.935098;
        0.000000,   832.387725,   362.508439;
        0.000000,     0.000000,     1.000000
];

% Coeficientes de Distorção da Lente [k1, k2, p1, p2, k3]
distCoeffs = [0.275394, -0.193245, -0.000474, -0.010758, 0.701455];
