% --- PARÂMETROS DE CALIBRAÇÃO ÓTIMOS PNP 3D (GERADO AUTOMATICAMENTE) ---
% Data de geração: 24/07/2026 13:51:42
% Arquivo de origem: 20260720_201450.mp4
% Erro Médio 3D PnP: 3.68 cm (0.0368 m)
% Erro Reprojeção RMS: 0.2796 px
% Views Utilizadas: 22 (de 117 disponiveis)

% Matriz Intrínseca da Câmera (K)
K = [
        863.149040,       0.000000,     653.323374;
          0.000000,     870.972453,     364.477966;
          0.000000,       0.000000,       1.000000
];

% Coeficientes de Distorção da Lente [k1, k2, p1, p2, k3]
distCoeffs = [0.155327, -0.413155, 0.003661, -0.001556, 0.333723];
