% --- PARÂMETROS DE CALIBRAÇÃO ÓTIMOS (GERADO AUTOMATICAMENTE) ---
% Data de geração: 24/07/2026 12:23:37
% Arquivo de origem: 20260720_201450.mp4
% Erro Reprojeção RMS: 0.2702 px
% Views Utilizadas: 40

% Matriz Intrínseca da Câmera (K)
K = [
        873.462532,       0.000000,     611.676654;
          0.000000,     877.580467,     359.233853;
          0.000000,       0.000000,       1.000000
];

% Coeficientes de Distorção da Lente [k1, k2, p1, p2, k3]
distCoeffs = [0.101837, -0.220928, 0.001412, -0.012315, 0.154133];
