% --- PARÂMETROS DE CALIBRAÇÃO ÓTIMOS (GERADO AUTOMATICAMENTE) ---
% Data de geração: 24/07/2026 12:23:41
% Arquivo de origem: 20260720_201607.mp4
% Erro Reprojeção RMS: 0.2682 px
% Views Utilizadas: 27

% Matriz Intrínseca da Câmera (K)
K = [
        863.065177,       0.000000,     599.126175;
          0.000000,     867.830581,     373.116152;
          0.000000,       0.000000,       1.000000
];

% Coeficientes de Distorção da Lente [k1, k2, p1, p2, k3]
distCoeffs = [0.112860, -0.259079, 0.003580, -0.009824, 0.167738];
