% --- PARÂMETROS DE CALIBRAÇÃO ÓTIMOS PNP 3D (GERADO AUTOMATICAMENTE) ---
% Data de geração: 24/07/2026 14:05:58
% Arquivo de origem: 20260720_201607.mp4
% Erro Médio 3D PnP: 3.60 cm (0.0360 m)
% Erro Reprojeção RMS: 0.3002 px
% Views Utilizadas: 21 (de 94 disponiveis)

% Matriz Intrínseca da Câmera (K)
K = [
        857.326149,       0.000000,     651.606739;
          0.000000,     868.841106,     364.804715;
          0.000000,       0.000000,       1.000000
];

% Coeficientes de Distorção da Lente [k1, k2, p1, p2, k3]
distCoeffs = [0.265570, -0.727800, 0.006305, 0.001037, 0.609730];
